A B C
3.4791507049349613 8.660476915265784 0.0
4.725122198542531 4.642215200514096 0.0
1.994187461734276 9.531849896834657 0.0
1.9082476843113372 5.236288786899199 0.0
1.3600563535166668 0.42106156176584475 0.0
2.8569352689970318 1.1973914018732577 0.0
2.010234325033911 4.320187198265703 0.0
1.8949523911783932 2.8573300154861223 0.0
2.4665266584098635 7.65195769442251 0.0
0.3633029498769046 2.6381144977951934 0.0
-1.1532030428797193 -10.45772113292144 0.0
1.1228865151124476 5.036414754760937 0.0
1.8979929182504438 11.44956103428123 0.0
0.8343770371680074 1.2582061047927708 0.0
4.459552363733835 7.318366163082047 0.0
1.6169694526478555 1.5695650581815381 0.0
-2.3186035027835965 -2.319367599148291 0.0
0.784867460971371 -0.5816771822382729 0.0
3.803582901357676 6.064534296932374 0.0
0.20608775284303982 -0.6174035991852123 0.0
-1.849446946418472 -3.197371549366383 0.0
1.3228879213756974 -7.1136076028417 0.0
-0.09154579455137268 -1.116075049441609 0.0
0.4749649273266938 -4.760050916667266 0.0
-1.0896473527666033 -6.054608428327758 0.0
0.42823090198599534 -3.066295550781885 0.0
-0.9570734990516983 -0.8975341200338176 0.0
1.4663395022508392 0.7466970376075429 0.0
1.4279468432694893 1.2023066122181136 0.0
-0.1461651943910347 -1.6886636099424353 0.0
-0.18598484776512514 -1.8578466207321234 0.0
-1.9372012154337388 -2.066792019558137 0.0
0.73490373365932 1.903600898622353 0.0
-0.32205829160272215 -6.329945936842017 0.0
0.024893041825220674 -3.017609318164787 0.0
1.9822759626886775 4.1770719282270345 0.0
0.8633487444407242 6.397612682433536 0.0
0.6622173512509513 2.9809077543852247 0.0
-0.6675843254796692 -2.666639279970841 0.0
0.7097704227800703 -0.3911290256685429 0.0
0.7185432348664642 -4.410602377288032 0.0
-0.2564348924998514 3.5166220311043657 0.0
4.90513982009799 6.993511142269792 0.0
2.136020888913598 6.253616671615377 0.0
1.0050791250189754 -4.040494813022236 0.0
1.9625454200781962 -1.1465046731211141 0.0
2.3743613111514117 1.624550045607175 0.0
2.2290773454343316 2.3590926961013263 0.0
3.090435540007936 0.5084868328619956 0.0
1.6127011962094102 1.4387295243071674 0.0
1.5808070803070575 9.712200112893594 0.0
0.6781210440188989 -4.895871355019955 0.0
1.923079071001282 -4.759817503871795 0.0
-0.3420030105162788 -0.5993140074576961 0.0
4.917855989522195 9.035959792849605 0.0
4.186057400030462 8.96467853449793 0.0
2.240015814033538 -3.3739747928974815 0.0
1.6280326393195574 -0.423790520623782 0.0
1.9007589073558515 5.224877697175647 0.0
2.774183972080893 3.430888885023276 0.0
0.15012405802985462 2.991452298655268 0.0
2.8840887307170124 1.9160363708867352 0.0
0.033092191141892435 -2.018577757023993 0.0
2.655559179632221 -1.4763197691783723 0.0
2.2415533259869376 3.8426877524508916 0.0
0.7488361671969402 -2.5583902578277544 0.0
0.267382704786853 -1.9839726099264383 0.0
1.0615186504169927 -2.008340287281308 0.0
1.4156786146526916 3.605991690751923 0.0
0.17985127153463976 3.075913020263179 0.0
-0.1906982111488058 -5.7100535645640615 0.0
1.9293051949890394 1.5439292482306113 0.0
4.819262922458459 11.227280202515088 0.0
1.258150615239104 -3.362727778005854 0.0
-1.0391428759763475 -4.665273286813723 0.0
2.9161521983610568 0.18301082580863315 0.0
-0.8118750315609431 -2.036121178769148 0.0
0.11545281489999204 0.7655508349592451 0.0
1.029050210426339 6.2946616127284525 0.0
-0.8192341000769721 -3.929470453996549 0.0
2.6772098785750353 -1.7778431202963896 0.0
2.185534713035405 5.161395114037867 0.0
0.5840210309655941 -4.6595096547483 0.0
-1.9394674407457568 -2.946590830542675 0.0
2.724848462148056 6.144783020192456 0.0
2.4219851735038675 4.965791840179622 0.0
1.2202766057148242 4.975420308874323 0.0
0.6128075570209119 -3.7671667706623557 0.0
-0.7195065148220658 -2.3360644454607304 0.0
0.5004119131488145 -1.0145538366979152 0.0
-1.0042485301136952 -0.14734128684082703 0.0
-2.3222714993416362 -1.169317063655642 0.0
-0.1509040285296459 4.240278852349546 0.0
-0.19979804816152513 -3.886989610140774 0.0
1.9516933647940613 -2.7267980073697293 0.0
-0.16482531124203414 -4.783034392332494 0.0
-0.4042994314253181 1.178508465256124 0.0
1.3976010715578122 3.359762191918994 0.0
2.8393176588034685 4.1562556916618885 0.0
5.024543800005622 10.139225158873993 0.0
0.30003027172513663 -0.556318514636214 0.0
3.0177339701001897 5.653106749380594 0.0
-0.15123674251056962 4.310487742965141 0.0
0.11329178052666 1.1149640094220412 0.0
1.2052669289281845 2.2642667450030807 0.0
2.408038714100349 4.9191388103455616 0.0
1.3546577688897323 4.608847500290629 0.0
-0.5551905531489938 -3.0423304234107666 0.0
1.4218418987487988 0.8107411716177784 0.0
3.5295259790296316 10.978220363258025 0.0
-0.4937506510765943 -3.112344267684855 0.0
1.0312287123857335 -1.1898581895269005 0.0
-0.684992341170773 -5.815290923617661 0.0
1.4488512248727763 1.6204054193505104 0.0
0.04134105867737592 -1.5630254733650162 0.0
-1.1995204677314875 -5.132765872865458 0.0
0.8646063802476869 -1.5197820504593045 0.0
0.5895511584936285 -4.3350214785895185 0.0
0.2966465755075056 8.215351682122073 0.0
2.2743251214365543 2.676311819710347 0.0
-0.1899083154710144 -1.6920039925539805 0.0
0.5017559657035915 0.5035642314719988 0.0
-1.303282853707715 0.14172738090344217 0.0
3.571729414914723 5.757637994178371 0.0
-1.635018936831067 -2.1460116075197533 0.0
0.9246077274807619 3.471746495759286 0.0
0.7903767437541942 1.7223034249347668 0.0
2.5978716575431324 3.841051741496392 0.0
-1.4381762806692926 -1.7838984357053342 0.0
-0.09633914743526995 -6.165938836717552 0.0
-0.9467761036221285 -4.0912598814869225 0.0
0.258205949628737 -1.6144264305195772 0.0
-0.9903042152035688 -7.597510142985616 0.0
1.7008615467917103 3.2841807702346917 0.0
0.7585213456437773 -0.4006079566445093 0.0
-1.771369628662724 3.5951228960343964 0.0
3.686421139092717 9.509775059867978 0.0
-0.19964279840286858 -1.759944267880745 0.0
1.4284164242241912 3.212791111240256 0.0
1.084959277711556 -8.578800199848688 0.0
2.061140726565299 0.2051886064414281 0.0
1.9981984448030774 -2.5152252433257654 0.0
2.0354151557636335 2.0796642352100787 0.0
1.2165479944527626 -3.9752105334795065 0.0
3.302466137458024 3.650630978765948 0.0
-0.27671412599432577 -1.6255413214703363 0.0
2.3959409796420306 11.48148394881288 0.0
2.1679803855137214 0.05796225490334439 0.0
1.7899997544521324 1.2554905582891114 0.0
0.974763542426105 -0.8733584387713196 0.0
1.4385538037136134 -5.262263916978391 0.0
0.07351880889087548 0.6836353827769533 0.0
1.224389382169933 4.078071101034688 0.0
-2.090233173695282 -4.479653326918558 0.0
1.6061349766196644 4.108192542819916 0.0
2.1017085950605523 0.08569118584594948 0.0
-1.1365098187337557 -3.7502216415404632 0.0
0.6705192424359147 -0.7260653947446645 0.0
0.6179786359976351 0.9003857211926264 0.0
0.8047763202969302 0.7604903274533514 0.0
-0.7675207500515482 -1.9292353711203627 0.0
0.2764501373839785 2.4791583372050567 0.0
-0.6844252546490699 -4.010882452857253 0.0
3.446488067318849 -0.3750749849681041 0.0
1.2934725638106506 -2.3924034085839456 0.0
0.4690871255122899 4.653801773627893 0.0
0.5047305182334689 4.767244098882432 0.0
-1.329444529971493 -10.911832434283212 0.0
-0.47930839468741304 -6.880788685833742 0.0
2.150727254782944 -2.5168611907332252 0.0
1.6918995812994806 5.849585104342753 0.0
-1.198057528172284 -1.6683272262519684 0.0
0.17045802093435114 -0.8604167761169812 0.0
0.766126717221075 -0.6558044343714118 0.0
2.0672453849730217 3.4464761748272794 0.0
-1.5455165528922703 -1.9375306069393252 0.0
1.7550327130008159 7.226390656277059 0.0
-0.35108415960434547 -1.7202156408701978 0.0
-1.6599041115564628 -6.98557563271094 0.0
1.1745276326578102 -1.3025196031531814 0.0
1.8015863106862442 4.079660716031887 0.0
2.459244970612576 5.007869433117281 0.0
1.1693940808387304 0.8823637753692174 0.0
0.3228558946678528 0.27796589747942846 0.0
-0.61839723572062 0.15877342220575474 0.0
0.16425971215395363 2.5360750198151765 0.0
1.670284604644414 4.787443430604267 0.0
1.6312345234090064 1.069593039942136 0.0
-0.09368048350804248 4.3105738449871005 0.0
1.7882258233029789 -0.17769502669187354 0.0
-0.4874371036729519 -6.606738371655517 0.0
-2.7644570319859865 -8.641041863128553 0.0
-0.8840443802638762 1.6693251776417153 0.0
-1.837798779551035 -2.9036960723226986 0.0
3.072264142470794 8.22023328133708 0.0
1.3883316306398341 3.569297857047113 0.0
-1.2846986864109065 -0.07212537234080152 0.0
-0.21934235466656204 -0.05792494131741055 0.0
3.3072576664436353 4.44053114429668 0.0
3.666134333788717 7.212120718865142 0.0
-0.982000613195698 -1.3045182842938075 0.0
2.2897104788870104 4.274343518752971 0.0
-0.6048350425935274 -6.907830417895593 0.0
1.998247437644114 4.57498664010293 0.0
-0.1511808107060455 0.42698320143198865 0.0
0.28038094950958936 -5.6214765861468186 0.0
0.37547052608333564 -0.2931502785523836 0.0
3.7743184730928014 8.436647438214786 0.0
1.5885842264843968 2.5928740787775237 0.0
4.736186707360452 7.1866175141237525 0.0
2.7385196422321907 4.924575470129405 0.0
-1.2467245221323218 -8.276259549613329 0.0
0.9608455655232462 0.39782183966689455 0.0
-1.1121567795287497 5.984716561967696 0.0
0.6643276388200894 -1.592439042696148 0.0
-1.1818822480831446 -0.6324790064206525 0.0
2.3140404139126662 4.74949394941187 0.0
0.25800490425138856 -3.3782151958321274 0.0
1.9438925555645312 4.622305218803554 0.0
2.004821792815787 4.507610267202425 0.0
-0.8004716169002621 -0.3941319809823831 0.0
1.128045361183254 0.5624587953068794 0.0
1.8656831138256333 4.897840661604421 0.0
0.3994349872296986 3.308095565132212 0.0
-0.021743457911095332 -2.4188227372890054 0.0
0.7509090384048183 -3.8988412943408077 0.0
1.8534230518886012 2.9587511839883325 0.0
3.738967609675994 1.8862071940795424 0.0
-2.09725248428537 -0.40511474481960486 0.0
1.1685811898355838 1.8943247723713834 0.0
-0.7298727779413401 -0.9879223808512103 0.0
0.7097697630374981 -0.9918145961682894 0.0
3.233788357978528 -1.9443809709612774 0.0
-1.0193447702043263 -2.9977970746145157 0.0
-1.3194756207905276 -9.170517701030906 0.0
-1.9292988037669438 -7.731625808977208 0.0
-0.14064520600259356 -0.002204495389350747 0.0
4.14200295445011 8.370454287088242 0.0
1.4786362710901262 7.084273957459495 0.0
2.8654039495085986 5.828695716861351 0.0
3.078551808542229 4.092540608555236 0.0
-0.5310685108489774 -2.8806407948637576 0.0
-1.1061506582006366 5.604547908748169 0.0
3.3710185502203833 7.5084979797386735 0.0
1.2044685045638774 0.7319988417090869 0.0
-0.5828115168112684 -3.43751194894565 0.0
3.766508889069343 5.462291298424343 0.0
3.9913518872420517 12.914928378883028 0.0
-0.3501335630396514 -1.7499194794262598 0.0
-0.25257163358787493 -3.4669931685569653 0.0
1.3969868713136366 2.698491271792474 0.0
1.9787491971049347 5.906367602720117 0.0
-0.07306772428222685 -0.35750297578392565 0.0
-2.6880555384872373 -5.729177374202611 0.0
1.1687873038556462 -4.5930340385476995 0.0
3.6220482709132495 4.534787308733943 0.0
-2.8116917530770804 -4.283333444556848 0.0
0.4512554164861331 -1.9643647814627716 0.0
2.788852134698958 2.884048650485367 0.0
3.3526397756855886 1.7291008965028314 0.0
-0.3167450610398239 0.29309775754130996 0.0
-1.953503338284163 -6.1478974338344665 0.0
0.24202600371760818 2.3355925744838206 0.0
3.712879730643364 4.706507103889514 0.0
-0.6989633350990714 -9.712130233441538 0.0
-1.0889386154912764 -8.999493043573333 0.0
2.473511345900693 6.383200087563297 0.0
-1.1419409778575895 -4.468222468796469 0.0
0.48926379063130576 -0.09919701717988572 0.0
0.6405347836590596 0.13814250510395432 0.0
-0.16291567694869524 2.3056008365095932 0.0
2.490765122805256 -0.5247503433681038 0.0
0.04442734684443095 -0.5629525982717076 0.0
-0.7478365766839812 6.526493019316065 0.0
1.6129603387272209 6.401197214950955 0.0
1.2992048237707763 1.6940580554358629 0.0
1.764269278687832 5.237682462381329 0.0
1.736595046929735 -2.38153171362792 0.0
-1.6747301595076234 -9.434162300322885 0.0
-1.4248234505370743 -4.716156537078228 0.0
3.243685347174891 9.884800844857534 0.0
-0.8507911874643788 2.396955033230217 0.0
0.3966502806189316 -2.2749081770884145 0.0
2.1228611737196745 2.379006674193312 0.0
1.6231913648272203 0.8793454779927528 0.0
-0.6115754993108258 3.552607269283881 0.0
1.9359456952708969 0.9319679046840157 0.0
1.249800690562127 3.7114556098003324 0.0
-1.221043356544655 -2.2167179364088976 0.0
2.1691322539326183 0.08070430634825876 0.0
-1.9957318612306287 -7.410402675875487 0.0
0.6126220910597583 -4.263903879500179 0.0
-0.1804146748476505 -1.3032460831523127 0.0
1.2707427908221696 -0.0910673357408629 0.0
-2.9930560013825858 0.18659436736771384 0.0
2.131091309724723 3.2642515816746807 0.0
-0.512212655875345 0.35810051691548805 0.0
1.842877067558004 2.4374432293628514 0.0
0.2112800725087831 -1.0079788166313324 0.0
-0.26949968227695464 -3.049006294092348 0.0
-0.2839241385558462 -5.964404449214361 0.0
0.1992384638519713 -3.2371831351416134 0.0
-1.2914503625522777 -5.023804921927896 0.0
-1.058882867347021 1.0127780232870598 0.0
0.690162639179467 1.6220840068717415 0.0
-2.5054261841788223 -6.292807779771419 0.0
2.732941226683111 3.3993967710707254 0.0
1.3205177870957616 0.2962726977584076 0.0
1.6391135873915834 1.8880742590045565 0.0
0.7138916298775513 7.126137781095186 0.0
1.327497796756001 4.098817887829023 0.0
0.3922701551061163 0.10184995358941651 0.0
-0.8552663787242807 -0.2854437340718101 0.0
3.153952771250455 1.3054673658542941 0.0
0.93431953136856 0.752822249200566 0.0
0.07881739534693877 -1.9962012071559263 0.0
1.1011685383074379 3.16769568324283 0.0
0.9513736473029215 -1.1231117743500847 0.0
0.24608078378217124 -3.125231162203524 0.0
3.519040255601375 4.208766251633192 0.0
2.4884925697895115 0.1894762731123496 0.0
1.021220832838819 5.862653010507355 0.0
-0.7450438604668776 -4.2803137294379505 0.0
2.0902656622127282 5.560259617075113 0.0
2.1209762966562042 -2.116884886793916 0.0
-1.373315149654342 2.9643584421163442 0.0
1.9672367408032878 2.2423371215084575 0.0
1.7808916263466732 1.8596941574287529 0.0
-0.6111760809007447 1.1003008002847126 0.0
-0.5236470297553635 -0.35034451696276037 0.0
-1.5345998395799292 -2.7338073073685796 0.0
1.630391766941675 2.9663837059512086 0.0
-0.267241740430739 -0.7812418239568011 0.0
2.229265679193675 0.5716769989524775 0.0
-0.8489300223595297 -7.953812889055698 0.0
-1.8161980675435716 -0.8395027444281844 0.0
-2.283091577285536 -7.307331832816944 0.0
1.7080002554826401 1.8498521793812328 0.0
1.1119155271299723 -3.447998706034247 0.0
3.085127631795798 7.157296039932024 0.0
1.633624789556364 -1.9472207050969463 0.0
2.871701036418702 4.070718517042259 0.0
-3.048209486064187 -1.0419232862434522 0.0
1.5412506004544542 10.821994969964937 0.0
3.729960252184807 0.1252540891702575 0.0
2.482072512025034 2.172255465052718 0.0
-2.7836931120902797 -5.091503437317391 0.0
1.661437489004848 -1.6781640122904853 0.0
-0.32002078080377183 -0.2879474241009503 0.0
2.485143373869359 1.5473736062029204 0.0
-2.0580778186038393 -5.00886477441183 0.0
1.3738109146336042 -2.808367203987911 0.0
3.7494839811107146 1.3936519716860838 0.0
2.027985669573237 5.141099673778447 0.0
2.6900679065797966 6.51638679741748 0.0
0.9868000088531353 -2.3140881779174958 0.0
-0.13273905015146203 -1.9839439296119843 0.0
2.3976160543399008 6.887164528794736 0.0
-0.4570915427321738 -2.402705295555132 0.0
1.5231766617566507 5.6733761579396225 0.0
-0.035456977694245495 -0.5527547496324916 0.0
0.7612820680791035 1.9273624268891982 0.0
-1.8608152190046847 -5.798293047458113 0.0
1.382356539239295 -3.488835651451601 0.0
2.6110318734154765 4.407733777594032 0.0
-0.5262438779187724 -0.9833832503269864 0.0
-0.8034755642531852 -0.9218078432398484 0.0
1.2370536162665196 12.69099423337316 0.0
0.1487405307391888 3.8746142322724584 0.0
-0.2689615905344178 0.83729915637201 0.0
-1.6711052963125042 -3.850977863822071 0.0
2.8483115090113174 8.78104771896465 0.0
0.7728929307636648 -2.5447838903346454 0.0
1.8498098782444141 0.8288062127502531 0.0
-0.728807184144137 -7.137972206611725 0.0
-0.051889055739047896 4.908650203705551 0.0
3.485624799500678 2.4661095815974683 0.0
1.9390194243187548 0.687092664239934 0.0
0.9419516659261984 4.170862282299132 0.0
-0.7783282184460409 1.647316802046105 0.0
0.7941123688150088 -1.070648060720627 0.0
1.8539691439031079 4.182082563801633 0.0
0.5381711629713183 4.507894923739631 0.0
0.9063637824158681 0.5456214909497791 0.0
2.861813138165477 9.222784879135837 0.0
0.4552868800510842 -1.207522343148025 0.0
0.17528488911823548 -3.1121294201955987 0.0
-1.5014650873545454 -0.07073655387556377 0.0
0.5635646596471023 0.8372132595770911 0.0
-0.9413308422394893 -6.180171899601073 0.0
3.3066147295466175 7.412345642562906 0.0
0.13715974104161333 4.10312590745704 0.0
1.7170874158346359 3.058825076119038 0.0
2.095704277920667 3.2062666707449385 0.0
-0.6001956837838598 -4.985333577728642 0.0
0.07669995987063105 -2.327778705613239 0.0
1.503227496714762 -3.3535689482244457 0.0
-1.0266214151052497 -2.5180838483113384 0.0
-0.16843045901179088 1.6533660130219727 0.0
-0.4506360943329828 -0.6231805642952402 0.0
3.5252113644331535 6.987831420376483 0.0
0.4790955826814638 0.8643277571353034 0.0
2.5455235961581906 5.028225372171048 0.0
1.537978452774388 3.2047271502802004 0.0
-1.0577855114883166 -6.4126755310153 0.0
1.142967501479273 -1.5430010828607834 0.0
1.3891423046965596 5.661241318935875 0.0
3.5548700778097326 2.5432094587653844 0.0
2.195365490027238 -2.451709386165944 0.0
0.05360585441281174 -2.7675508657820056 0.0
1.0006615136043122 0.9473752987867795 0.0
-0.6441372256347075 -2.5168412506271935 0.0
0.6184136300659129 -2.0436874155415308 0.0
3.96731462534552 1.785379946202589 0.0
1.9714336487710638 7.200782698742483 0.0
2.531272892335889 2.132665233942217 0.0
0.9538769706308456 1.1559533916080236 0.0
2.0682293405823016 0.9663034550162108 0.0
-0.3472712740545054 -2.643745010847541 0.0
1.8994097108718586 2.9812200566840126 0.0
0.8430664385870914 2.168134075856586 0.0
4.593484264245776 4.647089496442073 0.0
1.239045217067882 2.850818140943975 0.0
1.2351196743848551 4.495827758376426 0.0
0.18251019529060863 -2.3166593543461667 0.0
-3.290928112710338 -10.044832888741034 0.0
-0.9722686996794039 -0.12722841522898465 0.0
-0.6869284416822103 -3.423313836723427 0.0
-1.3478292254146855 -6.124597721588307 0.0
0.4186263655503316 -1.3686524403319975 0.0
2.5181163197142498 6.0389926844061295 0.0
1.1397877103337426 1.062950217350749 0.0
0.0762273763920922 2.3091954749124737 0.0
1.228333167459667 0.4007595918779141 0.0
0.44293002756133815 -5.306927059834944 0.0
1.4994347011413094 5.959941002429326 0.0
-0.2975205706264332 0.1999660234188806 0.0
0.5631682849069594 4.4044634948982075 0.0
-0.25356592530309596 0.27735485410374294 0.0
-1.0300216866700294 1.76509674340541 0.0
1.3913440658864633 7.141333838740963 0.0
0.8210210885709172 1.3281898201577658 0.0
-0.9030800936127741 -2.0942188840183342 0.0
1.4570199387271454 5.288622713117011 0.0
0.37669857277855057 2.4374699276164455 0.0
0.8109426943202276 -1.996846865282992 0.0
1.857901175099866 5.15669889616424 0.0
1.7023470162430256 -5.873587089797931 0.0
-1.7717861315961998 -2.313858910612609 0.0
3.490971656926764 12.565319444521247 0.0
-1.4637852662722555 -5.241674876790426 0.0
1.6409949639781924 2.563875247843303 0.0
2.14920425560738 -3.3057836654378425 0.0
-0.9740898730786054 -0.9438380913610889 0.0
3.6433103849789736 4.837227102361735 0.0
-1.5639928074323675 -2.1838217339072274 0.0
-0.20662760643885902 6.161684115111063 0.0
0.7259151984144498 -4.701808905377064 0.0
0.6296438709498315 0.8353342509638448 0.0
1.2248905028007326 2.602233554506255 0.0
1.002854512243102 -5.1126235939968065 0.0
2.7513028937827286 6.782613485883271 0.0
3.774442062720231 0.49448556610531036 0.0
0.38238430905139864 -0.14113303006222822 0.0
3.1283776053172274 2.1645767677868104 0.0
2.5170050376813062 8.103358940716584 0.0
-0.2519361674135081 2.775025195012918 0.0
-0.33403585805390135 -0.12302349715650851 0.0
1.8079038468955724 -3.947411879645082 0.0
-0.5229911151669273 -2.3345683365140544 0.0
2.928017676563988 2.2228585197770903 0.0
4.760552644369551 2.2911322945752035 0.0
1.2158784218076018 0.5927357894118809 0.0
2.9847168999035656 1.783460774611304 0.0
1.4436753207204531 3.272363122131069 0.0
0.20305631851979355 -3.2528549036076564 0.0
2.1218371592951883 7.3047244726485 0.0
1.8901944578526382 3.258966866220981 0.0
1.0489977216821011 5.051221050606908 0.0
2.1896640371044356 11.73595856501123 0.0
1.6745521826723342 -0.8949075686415928 0.0
2.304645649647039 2.058892243019267 0.0
0.34670361998892163 -1.165709649256744 0.0
2.8403139302178295 0.5813601463278555 0.0
2.7152261379448883 3.8054620854082533 0.0
1.3766787594054208 -2.1938052750915675 0.0
2.8742021576789236 1.5766582771068136 0.0
2.941763210776112 9.976120991126086 0.0
-0.4693441681080266 -0.5319328785710817 0.0
0.39150974051448595 0.48174056105676344 0.0
1.2420760109370126 2.6292606924283897 0.0
1.8262786388261798 -0.9155708157067306 0.0
0.4335965692886885 -3.2672913827460537 0.0
1.3797129223313713 -1.0087005186052478 0.0
2.228340081623962 7.201474182163108 0.0
1.7114661243268627 2.8914894736975754 0.0
0.3677996436632923 -2.598654706885948 0.0
1.8105050937029104 2.150931014255973 0.0
0.8831774684408036 0.09652367848521193 0.0
-0.7266322440226451 -3.9541020912786307 0.0
7.342125958860786 8.98519446617259 1.0
4.619487665173608 5.068567400080461 1.0
5.6665731831347514 7.9033809003639055 1.0
2.477949885743717 10.384338357003987 1.0
5.360856614482742 6.651704721256784 1.0
6.646863939766687 1.6535205471969894 1.0
8.010960021048728 6.871310970743691 1.0
2.316105238596971 3.9815471604405217 1.0
2.3016000362547664 8.903791696599338 1.0
5.462667782734856 7.901692077990337 1.0
7.617925342159953 11.129522047937783 1.0
2.4776371567522655 5.740511154621115 1.0
5.886011226270667 15.02999351722252 1.0
1.656063011786645 2.9455911303173314 1.0
5.574502792234483 12.240793447489889 1.0
4.232992194509961 3.579592349703257 1.0
3.5100863058047866 6.448204133717155 1.0
7.917166170815574 9.770782957116424 1.0
7.69485936398455 10.959155461457355 1.0
2.3676570044529335 9.748232592833364 1.0
7.783307640197488 14.24688600362889 1.0
7.809867185870175 9.096517675690414 1.0
7.674257710976357 13.136681932043707 1.0
4.514605993256392 9.257730279224296 1.0
3.518088514356064 7.609047842689746 1.0
2.4355035708811053 4.287456519278946 1.0
6.665018490535922 5.739742460645411 1.0
9.600766902745336 20.9743307181739 1.0
5.448115385325125 0.3295770518610164 1.0
3.415205448213995 6.022163855068411 1.0
3.0650619129214975 8.602834772171846 1.0
5.141087174887261 8.03539395327411 1.0
5.813821987215702 7.230358284627362 1.0
5.119913028564444 7.290777487831422 1.0
6.124470899257643 8.037396338023758 1.0
1.0581798941076466 3.194667058964085 1.0
2.356851012659144 7.501567819629485 1.0
6.795194006720551 6.880658224924087 1.0
3.9429409539979523 10.262265586231138 1.0
4.430389843592861 3.003418701700865 1.0
3.8947490771682847 5.389854279134508 1.0
4.038023383682918 10.184020055834598 1.0
3.0309486666694285 5.651697774405363 1.0
2.066321681529944 2.832981850531942 1.0
6.003185054696141 9.97940983771748 1.0
3.4053346993930225 3.222195170639433 1.0
1.4868356710750046 0.12163357483231607 1.0
7.727993163687765 16.59140189382358 1.0
5.866400351427283 10.283475853945767 1.0
6.653220217520648 8.186759730931545 1.0
3.459993489933988 2.1130302334820943 1.0
5.700603548930482 14.439446951978336 1.0
3.68879913966933 4.651891543707637 1.0
6.299626392323701 7.910262226059665 1.0
7.596141624638354 12.35614304032414 1.0
7.166727794129508 6.043242759885668 1.0
3.273618939766564 10.935002914324652 1.0
11.55856290934475 17.25763452079508 1.0
5.449228027314925 6.048776819853217 1.0
6.472357304277707 12.972377313239877 1.0
7.955554922606834 9.64459603765626 1.0
2.559596893198891 2.8207963578612505 1.0
7.061948139638518 10.841066144974576 1.0
6.004782536838386 11.172723762832085 1.0
1.0399737163994325 6.798408494250612 1.0
3.5437595175662127 1.8871116135033006 1.0
7.0575101456755975 10.373045011230841 1.0
4.341972747020962 6.577742182785051 1.0
5.431676272837578 7.921805349324667 1.0
7.149549960165998 13.15594484187498 1.0
0.7349827013506305 1.1128577246284808 1.0
4.948509901880736 14.375874680896054 1.0
5.547984151908089 10.539028170014573 1.0
4.53213110047812 6.318968474746505 1.0
6.297063901292798 12.5264153360082 1.0
2.2196667799115355 7.680343648634625 1.0
6.226788138217421 7.630231963576681 1.0
7.819480410532208 7.305288865229212 1.0
5.6084294638188394 7.0831564609844655 1.0
4.4458884061007495 15.156831116895447 1.0
6.93586995005723 4.20482296083172 1.0
7.470524555745902 10.788699570937785 1.0
6.703639923852416 10.51941149972904 1.0
7.868098504130975 14.038735775518706 1.0
5.6064665851189535 7.978832227945805 1.0
3.1916379709651768 8.482194567909145 1.0
5.802771338183989 10.49181331464154 1.0
7.313662077302771 15.128932289324926 1.0
6.0064379264619205 8.735149600494125 1.0
5.932134394132944 3.6861677463618134 1.0
7.534203256232926 15.465116270294525 1.0
3.961687272160874 5.85818101849953 1.0
2.1387099406088597 -1.3045265349069197 1.0
7.222222685368639 7.543564282222202 1.0
5.546122703684824 11.487277006922039 1.0
6.636340903948579 5.163002893539529 1.0
3.8554222101781033 6.505901167796888 1.0
8.725861779566394 12.620389880692139 1.0
3.96417684998746 7.404691702262101 1.0
3.349618109705635 -2.2503759869661195 1.0
0.2877772753966381 4.082716068059078 1.0
8.288088603934831 13.684880535952082 1.0
1.2989132435278812 2.600682474359049 1.0
4.60173116744353 11.34148308643691 1.0
7.843778522393883 12.420437132872717 1.0
6.444434850840245 9.163140249612002 1.0
6.830805589078228 7.373495117996239 1.0
4.543263542488683 4.937702523550578 1.0
7.016760598335343 10.033493835867292 1.0
2.4995764191293253 1.9658646661581907 1.0
4.610672069241156 8.343027550708506 1.0
6.682766292566009 15.090935255111436 1.0
6.156934053979133 5.86355769114802 1.0
5.18466580363568 8.545931412141549 1.0
4.521997582590146 3.478572068872811 1.0
7.25280123756395 11.35362594336467 1.0
7.057657638196931 2.6057208905513747 1.0
0.22738191783511574 1.4345569585790043 1.0
6.694669421992461 11.141994124392657 1.0
2.298267117191846 5.155012544570901 1.0
8.328645875922914 17.239339212577914 1.0
6.286084981396004 9.199476272995469 1.0
6.549578346703092 8.638012719124442 1.0
5.313933459782159 10.454457150181232 1.0
1.4967910415189793 6.647316869232898 1.0
4.435666098877592 3.3893177156201792 1.0
7.47510835280221 11.315040163573139 1.0
2.2847806916925766 6.171022592516694 1.0
3.3250815919618453 -5.952647326111665 1.0
3.4066051977996152 4.626891200257461 1.0
2.6651112856641155 8.344587527309283 1.0
8.145803086653952 4.35239619645216 1.0
6.321273204226785 9.049181214541264 1.0
6.882277937217515 -1.239068950151582 1.0
6.522808504207071 -0.3562866095787367 1.0
4.668528012435365 -3.1497248067034853 1.0
5.701618207452438 14.629059721048167 1.0
6.5463421526678855 8.579734645573335 1.0
1.3165970946690213 4.171394597755095 1.0
4.195628976931298 0.8575586206215586 1.0
3.8771885545704956 6.927468614225746 1.0
7.2073582984776365 11.016863436892125 1.0
1.8380277309714863 4.296208277204303 1.0
4.742657566229056 9.613773289291968 1.0
7.950191010304781 6.587525423897629 1.0
4.134310479125834 9.696517036155772 1.0
3.5135677018845852 8.228659492219132 1.0
6.1584843571248395 14.444536795312803 1.0
5.828512797509043 7.753631997975846 1.0
1.7141193308378027 8.766651914031469 1.0
2.247503983525969 0.8236732298211029 1.0
5.183139000466728 8.492595926083355 1.0
1.3038543654035752 3.4805286134828193 1.0
3.6230960146804345 5.470845446931742 1.0
5.106175625464985 9.453185377126918 1.0
4.747463655105092 9.99733276011953 1.0
4.034005909168227 6.052045078032667 1.0
5.065502886534038 3.188622800900302 1.0
2.97426529411766 3.6704549646061726 1.0
2.583299629120051 7.377362041965626 1.0
3.29214680390805 5.942380877173027 1.0
4.371187624544983 5.30929750352998 1.0
3.5315543612036295 3.5680295923394314 1.0
6.712889310810203 12.823512458412246 1.0
7.158541557179218 11.896670971057485 1.0
4.656595488917987 10.855748997290211 1.0
5.380309125649068 7.393257824023311 1.0
2.706169545760587 4.725579581988589 1.0
5.6705273809483705 -0.425215339085371 1.0
6.098685472097613 1.9548390337222 1.0
2.830361923050787 5.391325591622678 1.0
4.708791492304679 10.105053117344955 1.0
5.1693346451619915 9.703622618888062 1.0
3.9155919416339326 9.65658870066242 1.0
6.989433161723448 10.426581690815336 1.0
8.486821436059445 1.487419896160489 1.0
9.819052024585659 8.158478705349681 1.0
6.813483765884633 14.206216364647602 1.0
3.7248802100671403 5.388103950609822 1.0
1.2967864735765628 -0.7475297682200814 1.0
8.058568871461585 7.269829263903255 1.0
5.537548263018383 3.0921991193851777 1.0
2.268625086672941 1.7566155294313086 1.0
5.049308934171445 4.767230540464795 1.0
7.334379668690399 8.509442768583375 1.0
6.4706297034211575 10.290396401069929 1.0
8.36339953764058 7.873449972732322 1.0
5.697701189020521 4.312677981121311 1.0
3.304715343995067 -1.2494233927141778 1.0
4.35505541206036 4.853326273785902 1.0
6.69220641405323 11.528157237708406 1.0
8.82340744158235 10.132203919651381 1.0
7.615636519149135 8.093694938927449 1.0
4.546395893073315 5.554744715903164 1.0
6.161346149081712 4.115629262545455 1.0
4.650154391159749 9.112714213627468 1.0
7.069176057720399 7.1230674593156715 1.0
3.2514750107308625 7.339108337039612 1.0
1.6380293975319242 8.657199904900546 1.0
5.280397192120919 10.640755928464468 1.0
5.934065665579422 4.4427913520291265 1.0
6.64454312523611 -0.11384575749310244 1.0
3.4194527584539185 5.151179059007959 1.0
7.639075445538658 11.150060842904665 1.0
7.9172905900946535 17.995983144389257 1.0
2.1946203024532447 7.26588016868306 1.0
3.264419879206439 5.916041307397608 1.0
1.2799423593407147 5.951506486024311 1.0
4.700562043366733 15.138378949792877 1.0
-0.8901780898522302 -4.796767896704692 1.0
2.1341196572031373 4.941362390457334 1.0
6.229919084769224 11.950262044213364 1.0
6.124892128651539 6.7824350085401495 1.0
7.133133030038775 7.740226986272109 1.0
2.530327185910961 2.3709531416658587 1.0
1.365878129391918 11.32776566328929 1.0
4.046878332741069 0.6240966853667436 1.0
6.027319536752513 4.3615466410306745 1.0
3.946631170109516 11.240422992644937 1.0
7.694026976338967 8.155075450520911 1.0
3.451436229444795 8.183371089788919 1.0
7.317499284722058 10.560059616943311 1.0
7.008711233531063 9.021437719015296 1.0
2.5491555975436384 -6.770581266990973 1.0
8.21059709889286 14.79056498470333 1.0
6.503585600438031 7.4787634672014836 1.0
6.619345622183652 8.148826196391862 1.0
3.631874267530994 7.421363973467023 1.0
1.8663120284926826 3.0816072174965 1.0
1.2464264807159258 1.482385597334499 1.0
8.714901137968518 14.410751274065257 1.0
3.4622636205594546 4.436551233296086 1.0
3.9798292991927555 7.854364568352675 1.0
6.480329861891766 6.878995630923429 1.0
5.552418645948045 6.659522933336783 1.0
5.705239931700331 11.082628574727952 1.0
4.829930858158998 8.43165872705077 1.0
4.381360583246888 7.049050959275544 1.0
4.599565490806568 4.558207227401826 1.0
6.022944063041397 9.435896687368743 1.0
4.35165722412305 9.613257031496795 1.0
4.127308065799665 1.430630324186879 1.0
6.013681504037738 10.026725903815148 1.0
8.433964232136713 12.493195291252343 1.0
8.244129989730688 19.00846813954568 1.0
2.334814183990538 2.966284134836984 1.0
5.090579116863261 4.232032112482694 1.0
4.455577005130895 -3.293697917598795 1.0
4.237339157402915 6.071224444078191 1.0
3.3451255824929707 2.2702907598436823 1.0
4.799879871241558 7.124754700101875 1.0
4.402058572206102 8.824207412764217 1.0
4.775790717431567 2.7265395740387524 1.0
5.484982546916746 7.331326072510263 1.0
4.596122035944063 12.254593355066259 1.0
6.097118669013372 2.5231116515666168 1.0
0.6669236834861572 1.1255291127355758 1.0
6.524958314667936 10.501841217473396 1.0
4.977647773731275 7.516748766489698 1.0
4.877422432031183 7.1886437954443165 1.0
6.110369191235885 13.232619044973713 1.0
7.989779783196925 5.3127113064982785 1.0
9.02559318295327 5.914467301280796 1.0
7.302468968084942 5.7941108006146145 1.0
3.049602716510622 -0.43167531806057546 1.0
4.379338649543096 -0.49083104910015063 1.0
3.8768720591052066 1.4621972829747127 1.0
2.550987312642823 6.373910113082665 1.0
1.9101760309890583 0.08770298779203145 1.0
6.815134646616539 14.885943803918089 1.0
6.130908575744056 11.10267170072784 1.0
2.9137211358379314 11.880509980141643 1.0
6.154660935401889 4.696446184463257 1.0
4.626072070751422 6.322042262030015 1.0
6.475355917017425 4.467172897023023 1.0
5.47855913496103 8.296932361043948 1.0
6.91549336163899 9.536437221670456 1.0
8.050287814807925 7.106696757030979 1.0
5.415898397385147 6.581907744903979 1.0
4.404058875730584 4.064528786621864 1.0
5.984619585767401 14.396567635474906 1.0
5.257540696028018 1.4283507378891276 1.0
4.971601993077031 6.287640524174881 1.0
5.080753532715906 6.756919529903766 1.0
4.643688207195003 11.229765341509282 1.0
3.7919051562216692 2.4624733324721557 1.0
0.3871234264841341 0.6114611605452076 1.0
8.862619898659977 14.87690268205943 1.0
7.198803579424103 6.28551968509624 1.0
3.037339521303845 2.551243611395475 1.0
7.429620473135401 9.285781056820847 1.0
1.1482171493745263 10.651948365029096 1.0
4.551315157798921 2.4442845995438134 1.0
9.060961302419235 4.045410562216033 1.0
7.2426871826476455 10.811300474970642 1.0
3.435624482434541 2.060640008137005 1.0
7.339555355630209 7.460573917479804 1.0
8.03028834069367 10.352682526175554 1.0
6.281680557216129 2.1344313897226233 1.0
2.186872525776808 1.1618363886151961 1.0
5.311146142166268 8.993416374401534 1.0
2.179667421196828 2.9784236630580327 1.0
3.86961948712593 -0.1609730757867167 1.0
6.51493657119918 12.650343635197993 1.0
1.8308445414815262 6.019353332825435 1.0
10.179046189316775 9.857514187233935 1.0
0.6836697986728755 -0.4040373633487908 1.0
3.078116858683267 4.288422820900349 1.0
8.190244140105657 7.13584670220068 1.0
7.298480541344302 11.191988894577225 1.0
2.0261844477558046 4.392060706766101 1.0
6.695446478435127 2.6252892012022473 1.0
4.1185132043104 6.967669361920503 1.0
6.226606759073355 5.738087475608176 1.0
5.763771565235127 0.40635317863846865 1.0
4.823713830653481 7.81169793906949 1.0
5.985508698426402 8.847754165890503 1.0
4.085768576622479 5.608745537709604 1.0
5.005126823148674 2.7877241515445474 1.0
2.576107701857346 5.155721484372341 1.0
7.5981161862302375 7.017169516260401 1.0
3.8483416237115913 7.11440405238318 1.0
9.003788192809708 7.74513084868159 1.0
3.73148005535451 0.3477823473763033 1.0
7.351321391228398 7.28197785876508 1.0
5.99823886317624 11.499949410896813 1.0
4.177158721617294 -0.9144524581059992 1.0
2.185584539803604 3.8045853474781417 1.0
4.915815319029331 12.590681028254656 1.0
7.4857291273605275 13.045915603096788 1.0
5.978012108887189 8.250408738458416 1.0
-0.37662691288563366 0.6877040622875086 1.0
6.304756602343192 7.6495750909125535 1.0
3.642954483760685 7.811233889162727 1.0
4.878838165198449 7.128386064061463 1.0
5.525446709862409 2.2022818071546073 1.0
3.726406817913408 -0.9997342957437549 1.0
7.320928789308592 8.159805924154838 1.0
3.829967601924647 2.482266433424619 1.0
9.101406828348575 16.280198203241017 1.0
6.098674087881719 7.154789756165611 1.0
9.030969511296444 6.19715500454209 1.0
6.16911863587411 11.412964522560632 1.0
4.640803847171079 8.331616594479652 1.0
4.113456847663559 13.13165769009391 1.0
5.449784842574972 -0.9131451367032186 1.0
8.730885976283403 16.304931581747688 1.0
6.326070414353039 7.144854231674179 1.0
4.4363030689017275 4.034891697224419 1.0
6.171968891170922 6.83371761807782 1.0
1.9998105993783186 0.3579366648795945 1.0
4.928477508780124 11.116713704971538 1.0
7.314002105308473 1.4853007392385429 1.0
4.016706959159893 7.482446468043022 1.0
4.028615534000773 -0.9075356692732637 1.0
5.405830163063543 10.26531185417167 1.0
3.4746143596367665 2.1201685091653726 1.0
2.192996768650298 3.7991262141504456 1.0
2.9824344953640978 7.110675069263773 1.0
6.4180063674540895 7.765984278180922 1.0
1.426387421969582 4.012935574624112 1.0
5.418262937914595 14.43970864983465 1.0
4.4936281641618345 3.955070895519996 1.0
5.347578083614344 9.799454578872647 1.0
4.902794109799919 9.26255526587563 1.0
6.243473026567266 1.9169725555081616 1.0
11.375433355478098 17.129279844385177 1.0
8.466955551143425 6.637520494617435 1.0
4.625192335339021 8.837310159674235 1.0
5.458184672254219 9.121464025923771 1.0
2.073280622447017 3.1217045778231087 1.0
2.778287814832396 11.559622135063233 1.0
2.8999559294452975 10.56363878582713 1.0
-1.1371110914710432 -1.4215798461875089 1.0
7.292871608506198 15.83720073494752 1.0
7.652588341927472 6.616464455904339 1.0
3.7690155829841956 11.899979035370253 1.0
6.4971701147013885 10.758113805915443 1.0
4.584155840006849 5.470050608399616 1.0
5.136981180721023 13.16081216274939 1.0
5.5215759170305 8.784871027938776 1.0
1.150789886919629 -0.5440587719313372 1.0
7.57805235062829 7.155789393900368 1.0
7.413116238578532 11.122065852543937 1.0
7.122954484112999 2.406192880479739 1.0
3.4909293637134615 8.500018557487737 1.0
6.355753560430095 5.703107913198164 1.0
6.595067480654564 6.553968713985643 1.0
7.199232270176137 11.682900923821649 1.0
4.089213260593984 3.119124225499586 1.0
8.383362909719638 6.194485086286124 1.0
2.57312066143837 -0.14675985715810924 1.0
4.813749859026175 4.225729693653058 1.0
3.716023795737588 -4.424285223200991 1.0
1.7219952409616424 8.059128563685984 1.0
5.602841925025385 5.0674302651917635 1.0
2.8666812095222354 -0.0666344766328466 1.0
2.585095600728949 2.6063944360338 1.0
5.363765182248956 7.019441604406617 1.0
4.854759140375469 4.762640399928952 1.0
5.6010294737734005 10.782145441066474 1.0
9.537160122358777 12.56399114702827 1.0
3.2839561839671862 5.4419796384539705 1.0
2.5369931267675447 -0.3192568906076998 1.0
5.903666474985626 4.965082111715286 1.0
2.4751537328302806 0.4482670672751379 1.0
4.996947120219872 11.695700128520823 1.0
1.389619295645915 4.398542079736506 1.0
7.186596874002975 19.03790307405741 1.0
1.8157120984346813 1.6623212788984727 1.0
3.4778642327316507 3.708439471966641 1.0
5.576284916572711 10.825473677587528 1.0
1.1660819032099785 3.688586148948394 1.0
5.105396036975307 7.074014831060683 1.0
7.222941796351398 13.746225561317306 1.0
2.9894019523117863 7.128941253770648 1.0
3.8052122511379927 5.879030500094136 1.0
2.788268537233588 5.875750980691915 1.0
5.469022603811402 9.466870263753341 1.0
1.6676999964974484 7.037976562799103 1.0
6.533807919101502 8.92792210969228 1.0
5.6414685870052885 2.7391495644819663 1.0
3.1265367721221127 0.9532818801114731 1.0
2.2816745530215043 6.508704632536778 1.0
8.297476525525383 6.920950388228901 1.0
4.263486986747864 7.5507704643685845 1.0
5.789770302530211 8.927266817662419 1.0
4.2768706092709845 7.353488143418478 1.0
7.726810027360333 13.065634878314725 1.0
4.096406799883078 4.711516767502257 1.0
2.9171782180034374 4.040203746706195 1.0
2.111779000255281 4.769367054645395 1.0
5.524652130440213 10.60802521884521 1.0
4.5472908390586415 9.822509095115159 1.0
3.6482355344853747 7.116749717096749 1.0
5.523385592305639 10.329222184077521 1.0
1.0839008518969768 4.643704601914576 1.0
4.10464012785785 8.607041680386034 1.0
4.100068474917213 7.19600733853403 1.0
7.254920918453786 10.941504438999502 1.0
4.50009156076418 9.318660879356297 1.0
8.691150988333929 8.14216669917247 1.0
4.1894229201811335 3.2124429054368386 1.0
5.282508131091845 -1.078051406471614 1.0
5.863633223598315 4.810132100385111 1.0
5.896002148849952 -1.6224794649793228 1.0
5.4954169219638045 5.120511817991705 1.0
4.74618912877057 7.807750212405865 1.0
4.320824490861646 15.375405744222274 1.0
7.028828654208024 7.833360653445004 1.0
4.748698767238841 6.9313977146711725 1.0
2.6144239590841165 7.0307942364726825 1.0
5.967474410219883 6.8918470857654714 1.0
4.605646862090667 7.451849406904161 1.0
3.842653327944138 4.977087358668849 1.0
2.96172297991357 13.71248130007955 1.0
4.468161732115391 7.355223895702653 1.0
7.055926973030911 13.43272209508463 1.0
3.2005043408020253 14.741161485569501 1.0
6.1181953656690276 8.888700212112015 1.0
3.935934189893202 14.061045967238819 1.0
4.909665023292627 6.276009221028599 1.0
6.507624097638274 4.140780119377652 1.0
8.180898983495585 4.395563343298648 1.0
8.116069826758086 11.165337785906186 1.0
3.85093203063004 10.058411480322581 1.0
5.444067907713455 4.776347197669589 1.0
8.24664925122883 9.30060327054398 1.0
2.8346134689496894 5.390291126948771 1.0
4.70792421336588 11.251865597777424 1.0
8.31775556195407 10.22775037508562 1.0
4.974124324839952 9.218465362042767 1.0
6.115743560328001 6.8612746973060394 1.0
8.942049829821492 5.855804900734222 1.0
1.8766613343091425 3.1446336220480102 1.0
2.633367310940396 2.982281192465268 1.0
0.946095564271654 -2.332219500748515 1.0
4.26221988538217 4.05740202073792 1.0
3.3453001033515735 9.525768149204318 1.0
9.430379599415026 10.020475263429201 1.0
7.533446600048884 5.223532779851652 1.0
8.821330669479819 6.807346652653784 1.0
3.7070486804781186 12.806107167322878 1.0
6.909117759610639 6.512238514742144 1.0
4.9751469521409435 7.155561211414971 1.0
5.438189557802485 13.020922038413076 1.0
5.6018626726280765 6.9026556551424125 1.0
4.515378349877787 5.52909778165773 1.0
6.815196104228402 10.20635795191123 1.0
1.9399252731264598 4.007270176974028 1.0
3.941592897577139 3.4962748488281936 1.0
3.298314250470447 6.740121076283976 1.0
1.4797086801074189 5.16707288349091 1.0
5.490126730559229 8.876624332086905 1.0
3.3578553759369383 1.3919592150492859 1.0
5.482361543465467 13.360632204834436 1.0
6.18966722540205 13.013281318897004 1.0
5.440583162901113 7.825326558217267 1.0
7.166919582884262 13.136039901697007 1.0
1.1224554875018682 2.6400882921985325 1.0
